============================================================
OSRA Solar Cycle 23 — Detection Summary Report
============================================================

Per-year summary:
------------------------------------------------------------
 year  obs_days  total_bursts  mean_bursts  active_days  total_samples  norm_rate
 1994         7           151        21.57            7        2037504   0.074110
 1995         9           199        22.11            9        2364862   0.084149
 1996        15          1409        93.93           14        4707737   0.299295
 1997        81         22386       276.37           81       26485058   0.845231
 1998       200         29461       147.30          197       66588803   0.442432
 1999       196        123967       632.48          193       69510407   1.783431
 2001       129         78055       605.08          118       38687139   2.017596
 2002       245        113724       464.18          242       99473917   1.143254
 2003       157         32467       206.80          157       54659567   0.593986
 2004       273         61241       224.33          272      102032948   0.600208
 2005       203         70041       345.03          201       73619006   0.951398
 2006       312         62357       199.86          310      129175833   0.482730
 2007       142         56850       400.35          142       75649704   0.751490

Top 10 most active days (confirmed burst groups):
------------------------------------------------------------
         date  year  total_bursts  total_raw_groups  total_samples
1  2007-08-27  2007         14383             30880         499842
2  1997-12-30  1997         13666             26292         211200
3  1999-09-03  1999         10061             18071         419072
4  2006-11-16  2006          8242             18840         262750
5  2002-01-31  2002          7993             17087         312176
6  1999-08-26  1999          7287             13990         443648
7  1999-08-27  1999          7052             13337         443648
8  2007-06-28  2007          6856             15268         574742
9  2007-05-29  2007          6716             12730         563109
10 2005-01-17  2005          6379             10656         241209

Total confirmed bursts across Solar Cycle 23: 652,308
Days with >= 1 burst: 1943
Total observation days: 1969
